# board=.../AutoLevel Module V1.top.etch.tap
# tool size=0.177800
# pass=1
# preview window width=800 height=600
 0.24130, 0.24130, 0.54800, 0.24130
 0.54800, 0.24130, 0.63668, 0.20456
 0.63668, 0.20456, 0.70195, 0.13930
 0.70195, 0.13930,12.39943, 0.13930
12.39943, 0.13930,12.39943, 1.48280
12.39943, 1.48280,11.87714, 0.96050
11.87714, 0.96050,10.98286, 0.96050
10.98286, 0.96050,10.35050, 1.59286
10.35050, 1.59286,10.35050, 2.48714
10.35050, 2.48714,10.98286, 3.11950
10.98286, 3.11950,11.01090, 3.11950
11.01090, 3.11950,11.01090, 3.50050
11.01090, 3.50050,10.98286, 3.50050
10.98286, 3.50050,10.35050, 4.13286
10.35050, 4.13286,10.35050, 5.02714
10.35050, 5.02714,10.98286, 5.65950
10.98286, 5.65950,11.87714, 5.65950
11.87714, 5.65950,12.39943, 5.13720
12.39943, 5.13720,12.39943, 5.34011
12.39943, 5.34011,12.40723, 5.36918
12.40723, 5.36918,12.42227, 5.39525
12.42227, 5.39525,12.44355, 5.41653
12.44355, 5.41653,12.46962, 5.43157
12.46962, 5.43157,12.49868, 5.43936
12.49868, 5.43936,16.49898, 5.43936
16.49898, 5.43936,16.52805, 5.43157
16.52805, 5.43157,16.55412, 5.41653
16.55412, 5.41653,16.57539, 5.39525
16.57539, 5.39525,16.59044, 5.36918
16.59044, 5.36918,16.59823, 5.34011
16.59823, 5.34011,16.59823, 4.58641
16.59823, 4.58641,16.63450, 4.55014
16.63450, 4.55014,16.63450, 3.75988
16.63450, 3.75988,18.27568, 2.11870
18.27568, 2.11870,18.68170, 2.11870
18.68170, 2.11870,18.68170, 2.76373
18.68170, 2.76373,18.69910, 2.80574
18.69910, 2.80574,18.73125, 2.83790
18.73125, 2.83790,18.77326, 2.85530
18.77326, 2.85530,21.61273, 2.85530
21.61273, 2.85530,21.65474, 2.83790
21.65474, 2.83790,21.68690, 2.80574
21.68690, 2.80574,21.70430, 2.76373
21.70430, 2.76373,21.70430, 0.43226
21.70430, 0.43226,21.68690, 0.39025
21.68690, 0.39025,21.65474, 0.35810
21.65474, 0.35810,21.61273, 0.34070
21.61273, 0.34070,18.77326, 0.34070
18.77326, 0.34070,18.73125, 0.35810
18.73125, 0.35810,18.69910, 0.39025
18.69910, 0.39025,18.68170, 0.43226
18.68170, 0.43226,18.68170, 1.07730
18.68170, 1.07730,17.99145, 1.07730
17.99145, 1.07730,17.85902, 1.11278
17.85902, 1.11278,17.74028, 1.18133
17.74028, 1.18133,17.64333, 1.27828
17.64333, 1.27828,16.59823, 2.32339
16.59823, 2.32339,16.59823, 0.13930
16.59823, 0.13930,21.79805, 0.13930
21.79805, 0.13930,21.86331, 0.20456
21.86331, 0.20456,21.95200, 0.24130
21.95200, 0.24130,22.25870, 0.24130
22.25870, 0.24130,22.25870, 0.54800
22.25870, 0.54800,22.29543, 0.63668
22.29543, 0.63668,22.36070, 0.70195
22.36070, 0.70195,22.36070, 9.58803
22.36070, 9.58803,20.71370, 9.58803
20.71370, 9.58803,20.71370, 6.94730
20.71370, 6.94730,21.61273, 6.94730
21.61273, 6.94730,21.65474, 6.92990
21.65474, 6.92990,21.68690, 6.89774
21.68690, 6.89774,21.70430, 6.85573
21.70430, 6.85573,21.70430, 4.52426
21.70430, 4.52426,21.68690, 4.48225
21.68690, 4.48225,21.65474, 4.45010
21.65474, 4.45010,21.61273, 4.43270
21.61273, 4.43270,18.77326, 4.43270
18.77326, 4.43270,18.73125, 4.45010
18.73125, 4.45010,18.69910, 4.48225
18.69910, 4.48225,18.68170, 4.52426
18.68170, 4.52426,18.68170, 6.85573
18.68170, 6.85573,18.69910, 6.89774
18.69910, 6.89774,18.73125, 6.92990
18.73125, 6.92990,18.77326, 6.94730
18.77326, 6.94730,19.67230, 6.94730
19.67230, 6.94730,19.67230, 9.58803
19.67230, 9.58803,18.84868, 9.58803
18.84868, 9.58803,18.81962, 9.59582
18.81962, 9.59582,18.79355, 9.61087
18.79355, 9.61087,18.77227, 9.63215
18.77227, 9.63215,18.75722, 9.65822
18.75722, 9.65822,18.74943, 9.68728
18.74943, 9.68728,18.74943,10.52830
18.74943,10.52830,18.54844,10.52830
18.54844,10.52830,18.52547,10.48322
18.52547,10.48322,18.42559,10.34575
18.42559,10.34575,18.30544,10.22560
18.30544,10.22560,18.16798,10.12573
18.16798,10.12573,18.01658,10.04859
18.01658,10.04859,17.85498, 9.99608
17.85498, 9.99608,17.68716, 9.96950
17.68716, 9.96950,16.60771, 9.96950
16.60771, 9.96950,16.60771, 9.58850
16.60771, 9.58850,17.68716, 9.58850
17.68716, 9.58850,17.85498, 9.56192
17.85498, 9.56192,18.01658, 9.50941
18.01658, 9.50941,18.16798, 9.43227
18.16798, 9.43227,18.30544, 9.33239
18.30544, 9.33239,18.42559, 9.21224
18.42559, 9.21224,18.52547, 9.07478
18.52547, 9.07478,18.60261, 8.92338
18.60261, 8.92338,18.65512, 8.76178
18.65512, 8.76178,18.68170, 8.59396
18.68170, 8.59396,18.68170, 8.42404
18.68170, 8.42404,18.65512, 8.25622
18.65512, 8.25622,18.60261, 8.09461
18.60261, 8.09461,18.52547, 7.94322
18.52547, 7.94322,18.42559, 7.80575
18.42559, 7.80575,18.30544, 7.68560
18.30544, 7.68560,18.16798, 7.58573
18.16798, 7.58573,18.01658, 7.50859
18.01658, 7.50859,17.85498, 7.45608
17.85498, 7.45608,17.68716, 7.42950
17.68716, 7.42950,16.60771, 7.42950
16.60771, 7.42950,16.60771, 6.69008
16.60771, 6.69008,16.59992, 6.66102
16.59992, 6.66102,16.58487, 6.63495
16.58487, 6.63495,16.56359, 6.61367
16.56359, 6.61367,16.53752, 6.59863
16.53752, 6.59863,16.50846, 6.59083
16.50846, 6.59083,12.80348, 6.59083
12.80348, 6.59083,12.77442, 6.59863
12.77442, 6.59863,12.74835, 6.61367
12.74835, 6.61367,12.72707, 6.63495
12.72707, 6.63495,12.71203, 6.66102
12.71203, 6.66102,12.70423, 6.69008
12.70423, 6.69008,12.70423, 7.42950
12.70423, 7.42950,11.26884, 7.42950
11.26884, 7.42950,11.10102, 7.45608
11.10102, 7.45608,10.93941, 7.50859
10.93941, 7.50859,10.78802, 7.58573
10.78802, 7.58573,10.65055, 7.68560
10.65055, 7.68560,10.53040, 7.80575
10.53040, 7.80575,10.43053, 7.94322
10.43053, 7.94322,10.40756, 7.98830
10.40756, 7.98830, 9.91244, 7.98830
 9.91244, 7.98830, 9.88947, 7.94322
 9.88947, 7.94322, 9.78959, 7.80575
 9.78959, 7.80575, 9.66944, 7.68560
 9.66944, 7.68560, 9.53198, 7.58573
 9.53198, 7.58573, 9.38058, 7.50859
 9.38058, 7.50859, 9.21898, 7.45608
 9.21898, 7.45608, 9.05116, 7.42950
 9.05116, 7.42950, 8.52170, 7.42950
 8.52170, 7.42950, 8.52170, 7.07368
 8.52170, 7.07368, 9.20972, 6.38566
 9.20972, 6.38566, 9.30666, 6.28872
 9.30666, 6.28872, 9.37521, 6.16998
 9.37521, 6.16998, 9.41070, 6.03755
 9.41070, 6.03755, 9.41070, 5.58594
 9.41070, 5.58594, 9.96950, 5.02714
 9.96950, 5.02714, 9.96950, 4.13286
 9.96950, 4.13286, 9.41070, 3.57406
 9.41070, 3.57406, 9.41070, 3.04594
 9.41070, 3.04594, 9.96950, 2.48714
 9.96950, 2.48714, 9.96950, 1.59286
 9.96950, 1.59286, 9.33714, 0.96050
 9.33714, 0.96050, 8.44286, 0.96050
 8.44286, 0.96050, 7.81050, 1.59286
 7.81050, 1.59286, 7.81050, 2.48714
 7.81050, 2.48714, 8.36930, 3.04594
 8.36930, 3.04594, 8.36930, 3.57406
 8.36930, 3.57406, 7.81050, 4.13286
 7.81050, 4.13286, 7.81050, 5.02714
 7.81050, 5.02714, 8.36930, 5.58594
 8.36930, 5.58594, 8.36930, 5.75332
 8.36930, 5.75332, 7.52083, 6.60178
 7.52083, 6.60178, 6.96831, 7.15431
 6.96831, 7.15431, 4.12750, 4.31349
 4.12750, 4.31349, 4.12750, 4.12730
 4.12750, 4.12730, 4.58273, 4.12730
 4.58273, 4.12730, 4.62474, 4.10990
 4.62474, 4.10990, 4.65690, 4.07774
 4.65690, 4.07774, 4.67430, 4.03573
 4.67430, 4.03573, 4.67430, 2.69026
 4.67430, 2.69026, 4.65690, 2.64825
 4.65690, 2.64825, 4.62474, 2.61610
 4.62474, 2.61610, 4.58273, 2.59870
 4.58273, 2.59870, 3.03726, 2.59870
 3.03726, 2.59870, 2.99525, 2.61610
 2.99525, 2.61610, 2.96310, 2.64825
 2.96310, 2.64825, 2.94570, 2.69026
 2.94570, 2.69026, 2.94570, 4.03573
 2.94570, 4.03573, 2.96310, 4.07774
 2.96310, 4.07774, 2.99525, 4.10990
 2.99525, 4.10990, 3.03726, 4.12730
 3.03726, 4.12730, 3.49250, 4.12730
 3.49250, 4.12730, 3.49250, 4.48680
 3.49250, 4.48680, 3.51414, 4.56755
 3.51414, 4.56755, 3.55594, 4.63995
 3.55594, 4.63995, 5.37183, 6.45583
 5.37183, 6.45583, 4.21430, 6.45583
 4.21430, 6.45583, 4.21861, 6.44738
 4.21861, 6.44738, 4.27112, 6.28578
 4.27112, 6.28578, 4.29770, 6.11796
 4.29770, 6.11796, 4.29770, 5.94804
 4.29770, 5.94804, 4.27112, 5.78022
 4.27112, 5.78022, 4.21861, 5.61861
 4.21861, 5.61861, 4.14147, 5.46722
 4.14147, 5.46722, 4.04159, 5.32975
 4.04159, 5.32975, 3.92144, 5.20960
 3.92144, 5.20960, 3.78398, 5.10973
 3.78398, 5.10973, 3.63258, 5.03259
 3.63258, 5.03259, 3.47098, 4.98008
 3.47098, 4.98008, 3.30316, 4.95350
 3.30316, 4.95350, 1.94310, 4.95350
 1.94310, 4.95350, 1.94310, 4.12730
 1.94310, 4.12730, 2.29673, 4.12730
 2.29673, 4.12730, 2.33874, 4.10990
 2.33874, 4.10990, 2.37090, 4.07774
 2.37090, 4.07774, 2.38830, 4.03573
 2.38830, 4.03573, 2.38830, 2.69026
 2.38830, 2.69026, 2.37090, 2.64825
 2.37090, 2.64825, 2.33874, 2.61610
 2.33874, 2.61610, 2.29673, 2.59870
 2.29673, 2.59870, 0.75126, 2.59870
 0.75126, 2.59870, 0.70925, 2.61610
 0.70925, 2.61610, 0.67710, 2.64825
 0.67710, 2.64825, 0.65970, 2.69026
 0.65970, 2.69026, 0.65970, 4.03573
 0.65970, 4.03573, 0.67710, 4.07774
 0.67710, 4.07774, 0.70925, 4.10990
 0.70925, 4.10990, 0.75126, 4.12730
 0.75126, 4.12730, 1.10490, 4.12730
 1.10490, 4.12730, 1.10490, 4.96901
 1.10490, 4.96901, 1.03502, 4.98008
 1.03502, 4.98008, 0.87341, 5.03259
 0.87341, 5.03259, 0.72202, 5.10973
 0.72202, 5.10973, 0.58455, 5.20960
 0.58455, 5.20960, 0.46440, 5.32975
 0.46440, 5.32975, 0.36453, 5.46722
 0.36453, 5.46722, 0.28739, 5.61861
 0.28739, 5.61861, 0.23488, 5.78022
 0.23488, 5.78022, 0.20830, 5.94804
 0.20830, 5.94804, 0.20830, 6.11796
 0.20830, 6.11796, 0.23488, 6.28578
 0.23488, 6.28578, 0.28739, 6.44738
 0.28739, 6.44738, 0.36453, 6.59878
 0.36453, 6.59878, 0.46440, 6.73624
 0.46440, 6.73624, 0.58455, 6.85639
 0.58455, 6.85639, 0.72202, 6.95627
 0.72202, 6.95627, 0.87341, 7.03341
 0.87341, 7.03341, 1.03502, 7.08592
 1.03502, 7.08592, 1.20284, 7.11250
 1.20284, 7.11250, 3.30316, 7.11250
 3.30316, 7.11250, 3.47098, 7.08592
 3.47098, 7.08592, 3.63258, 7.03341
 3.63258, 7.03341, 3.78398, 6.95627
 3.78398, 6.95627, 3.84314, 6.91328
 3.84314, 6.91328, 3.84314, 7.69272
 3.84314, 7.69272, 3.78398, 7.64973
 3.78398, 7.64973, 3.63258, 7.57259
 3.63258, 7.57259, 3.47098, 7.52008
 3.47098, 7.52008, 3.30316, 7.49350
 3.30316, 7.49350, 1.20284, 7.49350
 1.20284, 7.49350, 1.03502, 7.52008
 1.03502, 7.52008, 0.87341, 7.57259
 0.87341, 7.57259, 0.72202, 7.64973
 0.72202, 7.64973, 0.58455, 7.74960
 0.58455, 7.74960, 0.46440, 7.86975
 0.46440, 7.86975, 0.36453, 8.00722
 0.36453, 8.00722, 0.28739, 8.15861
 0.28739, 8.15861, 0.23488, 8.32022
 0.23488, 8.32022, 0.20830, 8.48804
 0.20830, 8.48804, 0.20830, 8.65796
 0.20830, 8.65796, 0.23488, 8.82578
 0.23488, 8.82578, 0.28739, 8.98738
 0.28739, 8.98738, 0.36453, 9.13878
 0.36453, 9.13878, 0.46440, 9.27624
 0.46440, 9.27624, 0.58455, 9.39639
 0.58455, 9.39639, 0.72202, 9.49627
 0.72202, 9.49627, 0.87341, 9.57341
 0.87341, 9.57341, 1.03502, 9.62592
 1.03502, 9.62592, 1.20284, 9.65250
 1.20284, 9.65250, 3.30316, 9.65250
 3.30316, 9.65250, 3.47098, 9.62592
 3.47098, 9.62592, 3.56023, 9.59692
 3.56023, 9.59692, 3.56023,10.08908
 3.56023,10.08908, 3.47098,10.06008
 3.47098,10.06008, 3.30316,10.03350
 3.30316,10.03350, 1.20284,10.03350
 1.20284,10.03350, 1.03502,10.06008
 1.03502,10.06008, 0.87341,10.11259
 0.87341,10.11259, 0.72202,10.18973
 0.72202,10.18973, 0.58455,10.28960
 0.58455,10.28960, 0.46440,10.40975
 0.46440,10.40975, 0.36453,10.54722
 0.36453,10.54722, 0.28739,10.69861
 0.28739,10.69861, 0.23488,10.86022
 0.23488,10.86022, 0.20830,11.02804
 0.20830,11.02804, 0.20830,11.19796
 0.20830,11.19796, 0.23488,11.36578
 0.23488,11.36578, 0.28739,11.52738
 0.28739,11.52738, 0.36453,11.67878
 0.36453,11.67878, 0.46440,11.81624
 0.46440,11.81624, 0.58455,11.93639
 0.58455,11.93639, 0.72202,12.03627
 0.72202,12.03627, 0.87341,12.11341
 0.87341,12.11341, 1.03502,12.16592
 1.03502,12.16592, 1.20284,12.19250
 1.20284,12.19250, 3.30316,12.19250
 3.30316,12.19250, 3.47098,12.16592
 3.47098,12.16592, 3.63258,12.11341
 3.63258,12.11341, 3.72021,12.06876
 3.72021,12.06876, 6.68098,12.06876
 6.68098,12.06876, 6.78302,12.10192
 6.78302,12.10192, 6.95084,12.12850
 6.95084,12.12850, 9.05116,12.12850
 9.05116,12.12850, 9.21898,12.10192
 9.21898,12.10192, 9.38058,12.04941
 9.38058,12.04941, 9.53198,11.97227
 9.53198,11.97227, 9.66944,11.87239
 9.66944,11.87239, 9.78959,11.75224
 9.78959,11.75224, 9.88947,11.61478
 9.88947,11.61478, 9.96421,11.46810
 9.96421,11.46810,10.35579,11.46810
10.35579,11.46810,10.43053,11.61478
10.43053,11.61478,10.53040,11.75224
10.53040,11.75224,10.65055,11.87239
10.65055,11.87239,10.78802,11.97227
10.78802,11.97227,10.93941,12.04941
10.93941,12.04941,11.10102,12.10192
11.10102,12.10192,11.26884,12.12850
11.26884,12.12850,13.36916,12.12850
13.36916,12.12850,13.53698,12.10192
13.53698,12.10192,13.69858,12.04941
13.69858,12.04941,13.84998,11.97227
13.84998,11.97227,13.98744,11.87239
13.98744,11.87239,14.10759,11.75224
14.10759,11.75224,14.20747,11.61478
14.20747,11.61478,14.28221,11.46810
14.28221,11.46810,14.67379,11.46810
14.67379,11.46810,14.74853,11.61478
14.74853,11.61478,14.84840,11.75224
14.84840,11.75224,14.96855,11.87239
14.96855,11.87239,15.10602,11.97227
15.10602,11.97227,15.25741,12.04941
15.25741,12.04941,15.41902,12.10192
15.41902,12.10192,15.58684,12.12850
15.58684,12.12850,17.68716,12.12850
17.68716,12.12850,17.85498,12.10192
17.85498,12.10192,18.01658,12.04941
18.01658,12.04941,18.16798,11.97227
18.16798,11.97227,18.30544,11.87239
18.30544,11.87239,18.42559,11.75224
18.42559,11.75224,18.52547,11.61478
18.52547,11.61478,18.54844,11.56970
18.54844,11.56970,18.74943,11.56970
18.74943,11.56970,18.74943,12.36070
18.74943,12.36070, 0.70195,12.36070
 0.70195,12.36070, 0.63668,12.29543
 0.63668,12.29543, 0.54800,12.25870
 0.54800,12.25870, 0.24130,12.25870
 0.24130,12.25870, 0.24130,11.95200
 0.24130,11.95200, 0.20456,11.86331
 0.20456,11.86331, 0.13930,11.79805
 0.13930,11.79805, 0.13930, 0.70195
 0.13930, 0.70195, 0.20456, 0.63668
 0.20456, 0.63668, 0.24130, 0.54800
 0.24130, 0.54800, 0.24130, 0.24130
 0.67710, 0.74825, 0.65970, 0.79026
 0.65970, 0.79026, 0.65970, 2.13573
 0.65970, 2.13573, 0.67710, 2.17774
 0.67710, 2.17774, 0.70925, 2.20990
 0.70925, 2.20990, 0.75126, 2.22730
 0.75126, 2.22730, 2.29673, 2.22730
 2.29673, 2.22730, 2.33874, 2.20990
 2.33874, 2.20990, 2.37090, 2.17774
 2.37090, 2.17774, 2.38830, 2.13573
 2.38830, 2.13573, 2.38830, 1.88210
 2.38830, 1.88210, 2.94570, 1.88210
 2.94570, 1.88210, 2.94570, 2.13573
 2.94570, 2.13573, 2.96310, 2.17774
 2.96310, 2.17774, 2.99525, 2.20990
 2.99525, 2.20990, 3.03726, 2.22730
 3.03726, 2.22730, 4.58273, 2.22730
 4.58273, 2.22730, 4.62474, 2.20990
 4.62474, 2.20990, 4.65690, 2.17774
 4.65690, 2.17774, 4.67430, 2.13573
 4.67430, 2.13573, 4.67430, 1.88210
 4.67430, 1.88210, 5.27050, 1.88210
 5.27050, 1.88210, 5.27050, 2.48714
 5.27050, 2.48714, 5.90286, 3.11950
 5.90286, 3.11950, 6.79714, 3.11950
 6.79714, 3.11950, 7.42950, 2.48714
 7.42950, 2.48714, 7.42950, 1.59286
 7.42950, 1.59286, 6.79714, 0.96050
 6.79714, 0.96050, 5.90286, 0.96050
 5.90286, 0.96050, 5.81946, 1.04390
 5.81946, 1.04390, 4.67430, 1.04390
 4.67430, 1.04390, 4.67430, 0.79026
 4.67430, 0.79026, 4.65690, 0.74825
 4.65690, 0.74825, 4.62474, 0.71610
 4.62474, 0.71610, 4.58273, 0.69870
 4.58273, 0.69870, 3.03726, 0.69870
 3.03726, 0.69870, 2.99525, 0.71610
 2.99525, 0.71610, 2.96310, 0.74825
 2.96310, 0.74825, 2.94570, 0.79026
 2.94570, 0.79026, 2.94570, 1.04390
 2.94570, 1.04390, 2.38830, 1.04390
 2.38830, 1.04390, 2.38830, 0.79026
 2.38830, 0.79026, 2.37090, 0.74825
 2.37090, 0.74825, 2.33874, 0.71610
 2.33874, 0.71610, 2.29673, 0.69870
 2.29673, 0.69870, 0.75126, 0.69870
 0.75126, 0.69870, 0.70925, 0.71610
 0.70925, 0.71610, 0.67710, 0.74825
 5.27050, 4.13286, 5.27050, 5.02714
 5.27050, 5.02714, 5.90286, 5.65950
 5.90286, 5.65950, 6.79714, 5.65950
 6.79714, 5.65950, 7.42950, 5.02714
 7.42950, 5.02714, 7.42950, 4.13286
 7.42950, 4.13286, 6.79714, 3.50050
 6.79714, 3.50050, 5.90286, 3.50050
 5.90286, 3.50050, 5.27050, 4.13286
 6.18536, 7.26937, 6.49102, 7.57503
 6.49102, 7.57503, 6.47002, 7.58573
 6.47002, 7.58573, 6.33255, 7.68560
 6.33255, 7.68560, 6.21240, 7.80575
 6.21240, 7.80575, 6.18536, 7.84298
 6.18536, 7.84298, 6.18536, 7.26937
 6.82181, 9.56806, 6.95084, 9.58850
 6.95084, 9.58850, 9.05116, 9.58850
 9.05116, 9.58850, 9.21898, 9.56192
 9.21898, 9.56192, 9.38058, 9.50941
 9.38058, 9.50941, 9.53198, 9.43227
 9.53198, 9.43227, 9.66944, 9.33239
 9.66944, 9.33239, 9.78959, 9.21224
 9.78959, 9.21224, 9.88947, 9.07478
 9.88947, 9.07478, 9.91244, 9.02970
 9.91244, 9.02970,10.40756, 9.02970
10.40756, 9.02970,10.43053, 9.07478
10.43053, 9.07478,10.53040, 9.21224
10.53040, 9.21224,10.65055, 9.33239
10.65055, 9.33239,10.78802, 9.43227
10.78802, 9.43227,10.93941, 9.50941
10.93941, 9.50941,11.10102, 9.56192
11.10102, 9.56192,11.26884, 9.58850
11.26884, 9.58850,12.70423, 9.58850
12.70423, 9.58850,12.70423, 9.96950
12.70423, 9.96950,11.26884, 9.96950
11.26884, 9.96950,11.10102, 9.99608
11.10102, 9.99608,10.93941,10.04859
10.93941,10.04859,10.78802,10.12573
10.78802,10.12573,10.65055,10.22560
10.65055,10.22560,10.53040,10.34575
10.53040,10.34575,10.43053,10.48322
10.43053,10.48322,10.35579,10.62990
10.35579,10.62990, 9.96421,10.62990
 9.96421,10.62990, 9.88947,10.48322
 9.88947,10.48322, 9.78959,10.34575
 9.78959,10.34575, 9.66944,10.22560
 9.66944,10.22560, 9.53198,10.12573
 9.53198,10.12573, 9.38058,10.04859
 9.38058,10.04859, 9.21898, 9.99608
 9.21898, 9.99608, 9.05116, 9.96950
 9.05116, 9.96950, 6.95084, 9.96950
 6.95084, 9.96950, 6.82181, 9.98994
 6.82181, 9.98994, 6.82181, 9.56806
11.84910, 3.50050,11.84910, 3.11950
11.84910, 3.11950,11.87714, 3.11950
11.87714, 3.11950,12.39943, 2.59720
12.39943, 2.59720,12.39943, 4.02280
12.39943, 4.02280,11.87714, 3.50050
11.87714, 3.50050,11.84910, 3.50050
# pass=2
# preview window width=800 height=600
 0.36830, 0.36830, 0.54849, 0.36830
 0.54849, 0.36830, 0.64216, 0.34320
 0.64216, 0.34320, 0.72614, 0.29471
 0.72614, 0.29471, 0.75455, 0.26630
 0.75455, 0.26630,12.27243, 0.26630
12.27243, 0.26630,12.27243, 1.17619
12.27243, 1.17619,11.92975, 0.83350
11.92975, 0.83350,10.93025, 0.83350
10.93025, 0.83350,10.22350, 1.54025
10.22350, 1.54025,10.22350, 2.53975
10.22350, 2.53975,10.88390, 3.20015
10.88390, 3.20015,10.88390, 3.41985
10.88390, 3.41985,10.22350, 4.08025
10.22350, 4.08025,10.22350, 5.07975
10.22350, 5.07975,10.93025, 5.78650
10.93025, 5.78650,11.92975, 5.78650
11.92975, 5.78650,12.29296, 5.42328
12.29296, 5.42328,12.30736, 5.45153
12.30736, 5.45153,12.32968, 5.48226
12.32968, 5.48226,12.35654, 5.50912
12.35654, 5.50912,12.38727, 5.53144
12.38727, 5.53144,12.42111, 5.54868
12.42111, 5.54868,12.45723, 5.56042
12.45723, 5.56042,12.49474, 5.56636
12.49474, 5.56636,16.50293, 5.56636
16.50293, 5.56636,16.54044, 5.56042
16.54044, 5.56042,16.57656, 5.54868
16.57656, 5.54868,16.61040, 5.53144
16.61040, 5.53144,16.64113, 5.50912
16.64113, 5.50912,16.66798, 5.48226
16.66798, 5.48226,16.69031, 5.45153
16.69031, 5.45153,16.70755, 5.41769
16.70755, 5.41769,16.71929, 5.38157
16.71929, 5.38157,16.72523, 5.34406
16.72523, 5.34406,16.72523, 4.63901
16.72523, 4.63901,16.76150, 4.60275
16.76150, 4.60275,16.76150, 3.81248
16.76150, 3.81248,18.32828, 2.24570
18.32828, 2.24570,18.55470, 2.24570
18.55470, 2.24570,18.55470, 2.78900
18.55470, 2.78900,18.59143, 2.87768
18.59143, 2.87768,18.65931, 2.94556
18.65931, 2.94556,18.74800, 2.98230
18.74800, 2.98230,21.63800, 2.98230
21.63800, 2.98230,21.72668, 2.94556
21.72668, 2.94556,21.79456, 2.87768
21.79456, 2.87768,21.83130, 2.78900
21.83130, 2.78900,21.83130, 0.40700
21.83130, 0.40700,21.79456, 0.31831
21.79456, 0.31831,21.74254, 0.26630
21.74254, 0.26630,21.74544, 0.26630
21.74544, 0.26630,21.77386, 0.29471
21.77386, 0.29471,21.85784, 0.34320
21.85784, 0.34320,21.95151, 0.36830
21.95151, 0.36830,22.13170, 0.36830
22.13170, 0.36830,22.13170, 0.54849
22.13170, 0.54849,22.15680, 0.64216
22.15680, 0.64216,22.20529, 0.72614
22.20529, 0.72614,22.23370, 0.75455
22.23370, 0.75455,22.23370, 9.46103
22.23370, 9.46103,20.84070, 9.46103
20.84070, 9.46103,20.84070, 7.07430
20.84070, 7.07430,21.63800, 7.07430
21.63800, 7.07430,21.72668, 7.03756
21.72668, 7.03756,21.79456, 6.96968
21.79456, 6.96968,21.83130, 6.88100
21.83130, 6.88100,21.83130, 4.49900
21.83130, 4.49900,21.79456, 4.41031
21.79456, 4.41031,21.72668, 4.34243
21.72668, 4.34243,21.63800, 4.30570
21.63800, 4.30570,18.74800, 4.30570
18.74800, 4.30570,18.65931, 4.34243
18.65931, 4.34243,18.59143, 4.41031
18.59143, 4.41031,18.55470, 4.49900
18.55470, 4.49900,18.55470, 6.88100
18.55470, 6.88100,18.59143, 6.96968
18.59143, 6.96968,18.65931, 7.03756
18.65931, 7.03756,18.74800, 7.07430
18.74800, 7.07430,19.54530, 7.07430
19.54530, 7.07430,19.54530, 9.46103
19.54530, 9.46103,18.84474, 9.46103
18.84474, 9.46103,18.80723, 9.46697
18.80723, 9.46697,18.77111, 9.47871
18.77111, 9.47871,18.73727, 9.49596
18.73727, 9.49596,18.70654, 9.51828
18.70654, 9.51828,18.67968, 9.54514
18.67968, 9.54514,18.65736, 9.57587
18.65736, 9.57587,18.64011, 9.60971
18.64011, 9.60971,18.62837, 9.64583
18.62837, 9.64583,18.62243, 9.68334
18.62243, 9.68334,18.62243,10.40062
18.62243,10.40062,18.52247,10.26302
18.52247,10.26302,18.38818,10.12873
18.38818,10.12873,18.23454,10.01711
18.23454,10.01711,18.06533, 9.93089
18.06533, 9.93089,17.88472, 9.87221
17.88472, 9.87221,17.69715, 9.84250
17.69715, 9.84250,16.73471, 9.84250
16.73471, 9.84250,16.73471, 9.71550
16.73471, 9.71550,17.69715, 9.71550
17.69715, 9.71550,17.88472, 9.68579
17.88472, 9.68579,18.06533, 9.62710
18.06533, 9.62710,18.23454, 9.54089
18.23454, 9.54089,18.38818, 9.42927
18.38818, 9.42927,18.52247, 9.29498
18.52247, 9.29498,18.63409, 9.14134
18.63409, 9.14134,18.72030, 8.97213
18.72030, 8.97213,18.77899, 8.79152
18.77899, 8.79152,18.80870, 8.60395
18.80870, 8.60395,18.80870, 8.41404
18.80870, 8.41404,18.77899, 8.22648
18.77899, 8.22648,18.72030, 8.04586
18.72030, 8.04586,18.63409, 7.87666
18.63409, 7.87666,18.52247, 7.72302
18.52247, 7.72302,18.38818, 7.58873
18.38818, 7.58873,18.23454, 7.47711
18.23454, 7.47711,18.06533, 7.39089
18.06533, 7.39089,17.88472, 7.33221
17.88472, 7.33221,17.69715, 7.30250
17.69715, 7.30250,16.73471, 7.30250
16.73471, 7.30250,16.73471, 6.68614
16.73471, 6.68614,16.72877, 6.64863
16.72877, 6.64863,16.71703, 6.61251
16.71703, 6.61251,16.69978, 6.57867
16.69978, 6.57867,16.67746, 6.54794
16.67746, 6.54794,16.65060, 6.52108
16.65060, 6.52108,16.61988, 6.49876
16.61988, 6.49876,16.58603, 6.48151
16.58603, 6.48151,16.54991, 6.46978
16.54991, 6.46978,16.51240, 6.46383
16.51240, 6.46383,12.79954, 6.46383
12.79954, 6.46383,12.76203, 6.46978
12.76203, 6.46978,12.72591, 6.48151
12.72591, 6.48151,12.69207, 6.49876
12.69207, 6.49876,12.66134, 6.52108
12.66134, 6.52108,12.63448, 6.54794
12.63448, 6.54794,12.61216, 6.57867
12.61216, 6.57867,12.59491, 6.61251
12.59491, 6.61251,12.58318, 6.64863
12.58318, 6.64863,12.57723, 6.68614
12.57723, 6.68614,12.57723, 7.30250
12.57723, 7.30250,11.25884, 7.30250
11.25884, 7.30250,11.07127, 7.33221
11.07127, 7.33221,10.89066, 7.39089
10.89066, 7.39089,10.72146, 7.47711
10.72146, 7.47711,10.56782, 7.58873
10.56782, 7.58873,10.43353, 7.72302
10.43353, 7.72302,10.33307, 7.86130
10.33307, 7.86130, 9.98693, 7.86130
 9.98693, 7.86130, 9.88647, 7.72302
 9.88647, 7.72302, 9.75218, 7.58873
 9.75218, 7.58873, 9.59854, 7.47711
 9.59854, 7.47711, 9.42933, 7.39089
 9.42933, 7.39089, 9.24872, 7.33221
 9.24872, 7.33221, 9.06115, 7.30250
 9.06115, 7.30250, 8.64870, 7.30250
 8.64870, 7.30250, 8.64870, 7.12628
 8.64870, 7.12628, 9.30288, 6.47210
 9.30288, 6.47210, 9.39310, 6.38188
 9.39310, 6.38188, 9.46398, 6.27580
 9.46398, 6.27580, 9.51281, 6.15792
 9.51281, 6.15792, 9.53770, 6.03279
 9.53770, 6.03279, 9.53770, 5.63854
 9.53770, 5.63854,10.09650, 5.07975
10.09650, 5.07975,10.09650, 4.08025
10.09650, 4.08025, 9.53770, 3.52145
 9.53770, 3.52145, 9.53770, 3.09854
 9.53770, 3.09854,10.09650, 2.53975
10.09650, 2.53975,10.09650, 1.54025
10.09650, 1.54025, 9.38975, 0.83350
 9.38975, 0.83350, 8.39025, 0.83350
 8.39025, 0.83350, 7.68350, 1.54025
 7.68350, 1.54025, 7.68350, 2.53975
 7.68350, 2.53975, 8.24230, 3.09854
 8.24230, 3.09854, 8.24230, 3.52145
 8.24230, 3.52145, 7.68350, 4.08025
 7.68350, 4.08025, 7.68350, 5.07975
 7.68350, 5.07975, 8.24230, 5.63854
 8.24230, 5.63854, 8.24230, 5.70071
 8.24230, 5.70071, 7.43440, 6.50862
 7.43440, 6.50862, 6.96832, 6.97470
 6.96832, 6.97470, 4.25450, 4.26088
 4.25450, 4.26088, 4.25450, 4.25430
 4.25450, 4.25430, 4.60800, 4.25430
 4.60800, 4.25430, 4.69668, 4.21756
 4.69668, 4.21756, 4.76456, 4.14968
 4.76456, 4.14968, 4.80130, 4.06100
 4.80130, 4.06100, 4.80130, 2.66500
 4.80130, 2.66500, 4.76456, 2.57631
 4.76456, 2.57631, 4.69668, 2.50843
 4.69668, 2.50843, 4.60800, 2.47170
 4.60800, 2.47170, 3.01200, 2.47170
 3.01200, 2.47170, 2.92331, 2.50843
 2.92331, 2.50843, 2.85543, 2.57631
 2.85543, 2.57631, 2.81870, 2.66500
 2.81870, 2.66500, 2.81870, 4.06100
 2.81870, 4.06100, 2.85543, 4.14968
 2.85543, 4.14968, 2.92331, 4.21756
 2.92331, 4.21756, 3.01200, 4.25430
 3.01200, 4.25430, 3.36550, 4.25430
 3.36550, 4.25430, 3.36550, 4.50352
 3.36550, 4.50352, 3.39579, 4.61657
 3.39579, 4.61657, 3.45431, 4.71793
 3.45431, 4.71793, 3.63681, 4.90043
 3.63681, 4.90043, 3.50072, 4.85621
 3.50072, 4.85621, 3.31315, 4.82650
 3.31315, 4.82650, 2.07010, 4.82650
 2.07010, 4.82650, 2.07010, 4.25430
 2.07010, 4.25430, 2.32200, 4.25430
 2.32200, 4.25430, 2.41068, 4.21756
 2.41068, 4.21756, 2.47856, 4.14968
 2.47856, 4.14968, 2.51530, 4.06100
 2.51530, 4.06100, 2.51530, 2.66500
 2.51530, 2.66500, 2.47856, 2.57631
 2.47856, 2.57631, 2.41068, 2.50843
 2.41068, 2.50843, 2.32200, 2.47170
 2.32200, 2.47170, 0.72600, 2.47170
 0.72600, 2.47170, 0.63731, 2.50843
 0.63731, 2.50843, 0.56943, 2.57631
 0.56943, 2.57631, 0.53270, 2.66500
 0.53270, 2.66500, 0.53270, 4.06100
 0.53270, 4.06100, 0.56943, 4.14968
 0.56943, 4.14968, 0.63731, 4.21756
 0.63731, 4.21756, 0.72600, 4.25430
 0.72600, 4.25430, 0.97790, 4.25430
 0.97790, 4.25430, 0.97790, 4.86511
 0.97790, 4.86511, 0.82466, 4.91489
 0.82466, 4.91489, 0.65546, 5.00111
 0.65546, 5.00111, 0.50182, 5.11273
 0.50182, 5.11273, 0.36753, 5.24702
 0.36753, 5.24702, 0.26630, 5.38636
 0.26630, 5.38636, 0.26630, 0.75455
 0.26630, 0.75455, 0.29471, 0.72614
 0.29471, 0.72614, 0.34320, 0.64216
 0.34320, 0.64216, 0.36830, 0.54849
 0.36830, 0.54849, 0.36830, 0.36830
 0.56943, 0.67631, 0.53270, 0.76500
 0.53270, 0.76500, 0.53270, 2.16100
 0.53270, 2.16100, 0.56943, 2.24968
 0.56943, 2.24968, 0.63731, 2.31756
 0.63731, 2.31756, 0.72600, 2.35430
 0.72600, 2.35430, 2.32200, 2.35430
 2.32200, 2.35430, 2.41068, 2.31756
 2.41068, 2.31756, 2.47856, 2.24968
 2.47856, 2.24968, 2.51530, 2.16100
 2.51530, 2.16100, 2.51530, 2.00910
 2.51530, 2.00910, 2.81870, 2.00910
 2.81870, 2.00910, 2.81870, 2.16100
 2.81870, 2.16100, 2.85543, 2.24968
 2.85543, 2.24968, 2.92331, 2.31756
 2.92331, 2.31756, 3.01200, 2.35430
 3.01200, 2.35430, 4.60800, 2.35430
 4.60800, 2.35430, 4.69668, 2.31756
 4.69668, 2.31756, 4.76456, 2.24968
 4.76456, 2.24968, 4.80130, 2.16100
 4.80130, 2.16100, 4.80130, 2.00910
 4.80130, 2.00910, 5.14350, 2.00910
 5.14350, 2.00910, 5.14350, 2.53975
 5.14350, 2.53975, 5.85025, 3.24650
 5.85025, 3.24650, 6.84975, 3.24650
 6.84975, 3.24650, 7.55650, 2.53975
 7.55650, 2.53975, 7.55650, 1.54025
 7.55650, 1.54025, 6.84975, 0.83350
 6.84975, 0.83350, 5.85025, 0.83350
 5.85025, 0.83350, 5.76685, 0.91690
 5.76685, 0.91690, 4.80130, 0.91690
 4.80130, 0.91690, 4.80130, 0.76500
 4.80130, 0.76500, 4.76456, 0.67631
 4.76456, 0.67631, 4.69668, 0.60843
 4.69668, 0.60843, 4.60800, 0.57170
 4.60800, 0.57170, 3.01200, 0.57170
 3.01200, 0.57170, 2.92331, 0.60843
 2.92331, 0.60843, 2.85543, 0.67631
 2.85543, 0.67631, 2.81870, 0.76500
 2.81870, 0.76500, 2.81870, 0.91690
 2.81870, 0.91690, 2.51530, 0.91690
 2.51530, 0.91690, 2.51530, 0.76500
 2.51530, 0.76500, 2.47856, 0.67631
 2.47856, 0.67631, 2.41068, 0.60843
 2.41068, 0.60843, 2.32200, 0.57170
 2.32200, 0.57170, 0.72600, 0.57170
 0.72600, 0.57170, 0.63731, 0.60843
 0.63731, 0.60843, 0.56943, 0.67631
 0.26630, 6.67963, 0.36753, 6.81898
 0.36753, 6.81898, 0.50182, 6.95327
 0.50182, 6.95327, 0.65546, 7.06489
 0.65546, 7.06489, 0.82466, 7.15110
 0.82466, 7.15110, 1.00527, 7.20979
 1.00527, 7.20979, 1.19284, 7.23950
 1.19284, 7.23950, 3.31315, 7.23950
 3.31315, 7.23950, 3.50072, 7.20979
 3.50072, 7.20979, 3.68133, 7.15110
 3.68133, 7.15110, 3.71614, 7.13337
 3.71614, 7.13337, 3.71614, 7.47263
 3.71614, 7.47263, 3.68133, 7.45489
 3.68133, 7.45489, 3.50072, 7.39621
 3.50072, 7.39621, 3.31315, 7.36650
 3.31315, 7.36650, 1.19284, 7.36650
 1.19284, 7.36650, 1.00527, 7.39621
 1.00527, 7.39621, 0.82466, 7.45489
 0.82466, 7.45489, 0.65546, 7.54111
 0.65546, 7.54111, 0.50182, 7.65273
 0.50182, 7.65273, 0.36753, 7.78702
 0.36753, 7.78702, 0.26630, 7.92636
 0.26630, 7.92636, 0.26630, 6.67963
 0.26630, 9.21963, 0.36753, 9.35898
 0.36753, 9.35898, 0.50182, 9.49327
 0.50182, 9.49327, 0.65546, 9.60489
 0.65546, 9.60489, 0.82466, 9.69110
 0.82466, 9.69110, 1.00527, 9.74979
 1.00527, 9.74979, 1.19284, 9.77950
 1.19284, 9.77950, 3.31315, 9.77950
 3.31315, 9.77950, 3.43323, 9.76047
 3.43323, 9.76047, 3.43323, 9.92552
 3.43323, 9.92552, 3.31315, 9.90650
 3.31315, 9.90650, 1.19284, 9.90650
 1.19284, 9.90650, 1.00527, 9.93621
 1.00527, 9.93621, 0.82466, 9.99489
 0.82466, 9.99489, 0.65546,10.08111
 0.65546,10.08111, 0.50182,10.19273
 0.50182,10.19273, 0.36753,10.32702
 0.36753,10.32702, 0.26630,10.46636
 0.26630,10.46636, 0.26630, 9.21963
 0.34644,11.86995, 0.36753,11.89898
 0.36753,11.89898, 0.50182,12.03327
 0.50182,12.03327, 0.65546,12.14489
 0.65546,12.14489, 0.82466,12.23110
 0.82466,12.23110, 0.83266,12.23370
 0.83266,12.23370, 0.75455,12.23370
 0.75455,12.23370, 0.72614,12.20529
 0.72614,12.20529, 0.64216,12.15680
 0.64216,12.15680, 0.54849,12.13170
 0.54849,12.13170, 0.36830,12.13170
 0.36830,12.13170, 0.36830,11.95151
 0.36830,11.95151, 0.34644,11.86995
 3.67333,12.23370, 3.68133,12.23110
 3.68133,12.23110, 3.75069,12.19576
 3.75069,12.19576, 6.66087,12.19576
 6.66087,12.19576, 6.75328,12.22579
 6.75328,12.22579, 6.80324,12.23370
 6.80324,12.23370, 3.67333,12.23370
 9.19875,12.23370, 9.24872,12.22579
 9.24872,12.22579, 9.42933,12.16710
 9.42933,12.16710, 9.59854,12.08089
 9.59854,12.08089, 9.75218,11.96927
 9.75218,11.96927, 9.88647,11.83498
 9.88647,11.83498, 9.99809,11.68134
 9.99809,11.68134,10.04203,11.59510
10.04203,11.59510,10.27797,11.59510
10.27797,11.59510,10.32191,11.68134
10.32191,11.68134,10.43353,11.83498
10.43353,11.83498,10.56782,11.96927
10.56782,11.96927,10.72146,12.08089
10.72146,12.08089,10.89066,12.16710
10.89066,12.16710,11.07127,12.22579
11.07127,12.22579,11.12124,12.23370
11.12124,12.23370, 9.19875,12.23370
 9.24872, 9.87221, 9.06115, 9.84250
 9.06115, 9.84250, 6.94881, 9.84250
 6.94881, 9.84250, 6.94881, 9.71550
 6.94881, 9.71550, 9.06115, 9.71550
 9.06115, 9.71550, 9.24872, 9.68579
 9.24872, 9.68579, 9.42933, 9.62710
 9.42933, 9.62710, 9.59854, 9.54089
 9.59854, 9.54089, 9.75218, 9.42927
 9.75218, 9.42927, 9.88647, 9.29498
 9.88647, 9.29498, 9.98693, 9.15670
 9.98693, 9.15670,10.33307, 9.15670
10.33307, 9.15670,10.43353, 9.29498
10.43353, 9.29498,10.56782, 9.42927
10.56782, 9.42927,10.72146, 9.54089
10.72146, 9.54089,10.89066, 9.62710
10.89066, 9.62710,11.07127, 9.68579
11.07127, 9.68579,11.25884, 9.71550
11.25884, 9.71550,12.57723, 9.71550
12.57723, 9.71550,12.57723, 9.84250
12.57723, 9.84250,11.25884, 9.84250
11.25884, 9.84250,11.07127, 9.87221
11.07127, 9.87221,10.89066, 9.93089
10.89066, 9.93089,10.72146,10.01711
10.72146,10.01711,10.56782,10.12873
10.56782,10.12873,10.43353,10.26302
10.43353,10.26302,10.32191,10.41666
10.32191,10.41666,10.27797,10.50290
10.27797,10.50290,10.04203,10.50290
10.04203,10.50290, 9.99809,10.41666
 9.99809,10.41666, 9.88647,10.26302
 9.88647,10.26302, 9.75218,10.12873
 9.75218,10.12873, 9.59854,10.01711
 9.59854,10.01711, 9.42933, 9.93089
 9.42933, 9.93089, 9.24872, 9.87221
 7.55650, 5.07975, 7.55650, 4.08025
 7.55650, 4.08025, 6.84975, 3.37350
 6.84975, 3.37350, 5.85025, 3.37350
 5.85025, 3.37350, 5.14350, 4.08025
 5.14350, 4.08025, 5.14350, 5.07975
 5.14350, 5.07975, 5.85025, 5.78650
 5.85025, 5.78650, 6.84975, 5.78650
 6.84975, 5.78650, 7.55650, 5.07975
 5.06522, 6.32883, 4.39066, 6.32883
 4.39066, 6.32883, 4.39499, 6.31552
 4.39499, 6.31552, 4.42470, 6.12795
 4.42470, 6.12795, 4.42470, 5.93804
 4.42470, 5.93804, 4.39499, 5.75047
 4.39499, 5.75047, 4.35077, 5.61438
 4.35077, 5.61438, 5.06522, 6.32883
12.27243, 3.71619,11.97610, 3.41985
11.97610, 3.41985,11.97610, 3.20015
11.97610, 3.20015,12.27243, 2.90381
12.27243, 2.90381,12.27243, 3.71619
16.72523, 2.01678,16.72523, 0.26630
16.72523, 0.26630,18.64345, 0.26630
18.64345, 0.26630,18.59143, 0.31831
18.59143, 0.31831,18.55470, 0.40700
18.55470, 0.40700,18.55470, 0.95030
18.55470, 0.95030,17.99620, 0.95030
17.99620, 0.95030,17.87107, 0.97519
17.87107, 0.97519,17.75320, 1.02402
17.75320, 1.02402,17.64712, 1.09490
17.64712, 1.09490,17.55690, 1.18512
17.55690, 1.18512,16.72523, 2.01678
22.76630, 0.75455,22.79471, 0.72614
22.79471, 0.72614,22.84320, 0.64216
22.84320, 0.64216,22.86830, 0.54849
22.86830, 0.54849,22.86830, 0.36830
22.86830, 0.36830,23.04849, 0.36830
23.04849, 0.36830,23.14216, 0.34320
23.14216, 0.34320,23.22614, 0.29471
23.22614, 0.29471,23.24200, 0.27885
23.24200, 0.27885,23.24200, 9.46482
23.24200, 9.46482,23.21811, 9.46103
23.21811, 9.46103,22.76630, 9.46103
22.76630, 9.46103,22.76630, 0.75455
18.62243,11.69737,18.62243,12.23370
18.62243,12.23370,17.83476,12.23370
17.83476,12.23370,17.88472,12.22579
17.88472,12.22579,18.06533,12.16710
18.06533,12.16710,18.23454,12.08089
18.23454,12.08089,18.38818,11.96927
18.38818,11.96927,18.52247,11.83498
18.52247,11.83498,18.62243,11.69737
15.43924,12.23370,13.51676,12.23370
13.51676,12.23370,13.56672,12.22579
13.56672,12.22579,13.74733,12.16710
13.74733,12.16710,13.91654,12.08089
13.91654,12.08089,14.07018,11.96927
14.07018,11.96927,14.20447,11.83498
14.20447,11.83498,14.31609,11.68134
14.31609,11.68134,14.36003,11.59510
14.36003,11.59510,14.59597,11.59510
14.59597,11.59510,14.63991,11.68134
14.63991,11.68134,14.75153,11.83498
14.75153,11.83498,14.88582,11.96927
14.88582,11.96927,15.03946,12.08089
15.03946,12.08089,15.20866,12.16710
15.20866,12.16710,15.38927,12.22579
15.38927,12.22579,15.43924,12.23370
# pass=3
# preview window width=800 height=600
 0.49530, 0.49530, 0.56521, 0.49530
 0.56521, 0.49530, 0.60715, 0.48406
 0.60715, 0.48406, 0.54786, 0.51829
 0.54786, 0.51829, 0.49323, 0.57292
 0.49323, 0.57292, 0.49530, 0.56521
 0.49530, 0.56521, 0.49530, 0.49530
 0.71588, 0.44728, 0.80412, 0.39634
 0.80412, 0.39634, 0.80716, 0.39330
 0.80716, 0.39330,12.14543, 0.39330
12.14543, 0.39330,12.14543, 0.86959
12.14543, 0.86959,11.98235, 0.70650
11.98235, 0.70650,10.87765, 0.70650
10.87765, 0.70650,10.16000, 1.42415
10.16000, 1.42415, 9.44235, 0.70650
 9.44235, 0.70650, 8.33765, 0.70650
 8.33765, 0.70650, 7.62000, 1.42415
 7.62000, 1.42415, 6.90235, 0.70650
 6.90235, 0.70650, 5.79765, 0.70650
 5.79765, 0.70650, 5.71425, 0.78990
 5.71425, 0.78990, 4.92830, 0.78990
 4.92830, 0.78990, 4.92830, 0.76451
 4.92830, 0.76451, 4.90320, 0.67084
 4.90320, 0.67084, 4.85471, 0.58686
 4.85471, 0.58686, 4.78614, 0.51829
 4.78614, 0.51829, 4.70216, 0.46980
 4.70216, 0.46980, 4.60849, 0.44470
 4.60849, 0.44470, 3.01151, 0.44470
 3.01151, 0.44470, 2.91784, 0.46980
 2.91784, 0.46980, 2.83386, 0.51829
 2.83386, 0.51829, 2.76529, 0.58686
 2.76529, 0.58686, 2.71680, 0.67084
 2.71680, 0.67084, 2.69170, 0.76451
 2.69170, 0.76451, 2.69170, 0.78990
 2.69170, 0.78990, 2.64230, 0.78990
 2.64230, 0.78990, 2.64230, 0.76451
 2.64230, 0.76451, 2.61720, 0.67084
 2.61720, 0.67084, 2.56871, 0.58686
 2.56871, 0.58686, 2.50014, 0.51829
 2.50014, 0.51829, 2.41616, 0.46980
 2.41616, 0.46980, 2.32249, 0.44470
 2.32249, 0.44470, 0.72551, 0.44470
 0.72551, 0.44470, 0.71588, 0.44728
 0.40570, 0.78790, 0.40570, 2.16149
 0.40570, 2.16149, 0.43080, 2.25516
 0.43080, 2.25516, 0.47929, 2.33914
 0.47929, 2.33914, 0.54786, 2.40771
 0.54786, 2.40771, 0.55702, 2.41300
 0.55702, 2.41300, 0.54786, 2.41829
 0.54786, 2.41829, 0.47929, 2.48686
 0.47929, 2.48686, 0.43080, 2.57084
 0.43080, 2.57084, 0.40570, 2.66451
 0.40570, 2.66451, 0.40570, 4.06149
 0.40570, 4.06149, 0.43080, 4.15516
 0.43080, 4.15516, 0.47929, 4.23914
 0.47929, 4.23914, 0.54786, 4.30771
 0.54786, 4.30771, 0.63184, 4.35620
 0.63184, 4.35620, 0.72551, 4.38130
 0.72551, 4.38130, 0.85090, 4.38130
 0.85090, 4.38130, 0.85090, 4.77283
 0.85090, 4.77283, 0.77591, 4.79720
 0.77591, 4.79720, 0.58889, 4.89249
 0.58889, 4.89249, 0.41908, 5.01586
 0.41908, 5.01586, 0.39330, 5.04165
 0.39330, 5.04165, 0.39330, 0.80716
 0.39330, 0.80716, 0.39634, 0.80412
 0.39634, 0.80412, 0.40570, 0.78790
 2.64230, 2.13610, 2.69170, 2.13610
 2.69170, 2.13610, 2.69170, 2.16149
 2.69170, 2.16149, 2.71680, 2.25516
 2.71680, 2.25516, 2.76529, 2.33914
 2.76529, 2.33914, 2.83386, 2.40771
 2.83386, 2.40771, 2.84302, 2.41300
 2.84302, 2.41300, 2.83386, 2.41829
 2.83386, 2.41829, 2.76529, 2.48686
 2.76529, 2.48686, 2.71680, 2.57084
 2.71680, 2.57084, 2.69170, 2.66451
 2.69170, 2.66451, 2.69170, 4.06149
 2.69170, 4.06149, 2.71680, 4.15516
 2.71680, 4.15516, 2.76529, 4.23914
 2.76529, 4.23914, 2.83386, 4.30771
 2.83386, 4.30771, 2.91784, 4.35620
 2.91784, 4.35620, 3.01151, 4.38130
 3.01151, 4.38130, 3.23850, 4.38130
 3.23850, 4.38130, 3.23850, 4.52024
 3.23850, 4.52024, 3.27745, 4.66559
 3.27745, 4.66559, 3.29703, 4.69950
 3.29703, 4.69950, 2.19710, 4.69950
 2.19710, 4.69950, 2.19710, 4.38130
 2.19710, 4.38130, 2.32249, 4.38130
 2.32249, 4.38130, 2.41616, 4.35620
 2.41616, 4.35620, 2.50014, 4.30771
 2.50014, 4.30771, 2.56871, 4.23914
 2.56871, 4.23914, 2.61720, 4.15516
 2.61720, 4.15516, 2.64230, 4.06149
 2.64230, 4.06149, 2.64230, 2.66451
 2.64230, 2.66451, 2.61720, 2.57084
 2.61720, 2.57084, 2.56871, 2.48686
 2.56871, 2.48686, 2.50014, 2.41829
 2.50014, 2.41829, 2.49098, 2.41300
 2.49098, 2.41300, 2.50014, 2.40771
 2.50014, 2.40771, 2.56871, 2.33914
 2.56871, 2.33914, 2.61720, 2.25516
 2.61720, 2.25516, 2.64230, 2.16149
 2.64230, 2.16149, 2.64230, 2.13610
 4.92830, 2.13610, 5.01650, 2.13610
 5.01650, 2.13610, 5.01650, 2.59235
 5.01650, 2.59235, 5.73415, 3.31000
 5.73415, 3.31000, 5.01650, 4.02765
 5.01650, 4.02765, 5.01650, 4.84328
 5.01650, 4.84328, 4.55452, 4.38130
 4.55452, 4.38130, 4.60849, 4.38130
 4.60849, 4.38130, 4.70216, 4.35620
 4.70216, 4.35620, 4.78614, 4.30771
 4.78614, 4.30771, 4.85471, 4.23914
 4.85471, 4.23914, 4.90320, 4.15516
 4.90320, 4.15516, 4.92830, 4.06149
 4.92830, 4.06149, 4.92830, 2.66451
 4.92830, 2.66451, 4.90320, 2.57084
 4.90320, 2.57084, 4.85471, 2.48686
 4.85471, 2.48686, 4.78614, 2.41829
 4.78614, 2.41829, 4.77698, 2.41300
 4.77698, 2.41300, 4.78614, 2.40771
 4.78614, 2.40771, 4.85471, 2.33914
 4.85471, 2.33914, 4.90320, 2.25516
 4.90320, 2.25516, 4.92830, 2.16149
 4.92830, 2.16149, 4.92830, 2.13610
 7.62000, 2.65585, 8.11530, 3.15115
 8.11530, 3.15115, 8.11530, 3.46885
 8.11530, 3.46885, 7.62000, 3.96415
 7.62000, 3.96415, 6.96585, 3.31000
 6.96585, 3.31000, 7.62000, 2.65585
 9.66470, 3.15115,10.16000, 2.65585
10.16000, 2.65585,10.75690, 3.25275
10.75690, 3.25275,10.75690, 3.36725
10.75690, 3.36725,10.16000, 3.96415
10.16000, 3.96415, 9.66470, 3.46885
 9.66470, 3.46885, 9.66470, 3.15115
12.14543, 3.21041,12.14543, 3.40959
12.14543, 3.40959,12.10310, 3.36725
12.10310, 3.36725,12.10310, 3.25275
12.10310, 3.25275,12.14543, 3.21041
12.28334, 5.61250,12.30868, 5.63195
12.30868, 5.63195,12.35049, 5.65609
12.35049, 5.65609,12.39509, 5.67457
12.39509, 5.67457,12.44172, 5.68706
12.44172, 5.68706,12.48959, 5.69336
12.48959, 5.69336,16.50808, 5.69336
16.50808, 5.69336,16.55594, 5.68706
16.55594, 5.68706,16.60258, 5.67457
16.60258, 5.67457,16.64718, 5.65609
16.64718, 5.65609,16.68899, 5.63195
16.68899, 5.63195,16.72729, 5.60256
16.72729, 5.60256,16.76143, 5.56842
16.76143, 5.56842,16.79082, 5.53012
16.79082, 5.53012,16.81496, 5.48831
16.81496, 5.48831,16.83343, 5.44371
16.83343, 5.44371,16.84593, 5.39707
16.84593, 5.39707,16.85223, 5.34921
16.85223, 5.34921,16.85223, 4.69162
16.85223, 4.69162,16.88850, 4.65535
16.88850, 4.65535,16.88850, 3.86509
16.88850, 3.86509,18.38089, 2.37270
18.38089, 2.37270,18.42770, 2.37270
18.42770, 2.37270,18.42770, 2.78949
18.42770, 2.78949,18.45280, 2.88316
18.45280, 2.88316,18.50129, 2.96714
18.50129, 2.96714,18.56986, 3.03571
18.56986, 3.03571,18.65384, 3.08420
18.65384, 3.08420,18.74751, 3.10930
18.74751, 3.10930,21.63849, 3.10930
21.63849, 3.10930,21.73216, 3.08420
21.73216, 3.08420,21.81614, 3.03571
21.81614, 3.03571,21.88471, 2.96714
21.88471, 2.96714,21.93320, 2.88316
21.93320, 2.88316,21.95830, 2.78949
21.95830, 2.78949,21.95830, 0.49530
21.95830, 0.49530,22.00470, 0.49530
22.00470, 0.49530,22.00470, 0.56521
22.00470, 0.56521,22.03845, 0.69118
22.03845, 0.69118,22.10366, 0.80412
22.10366, 0.80412,22.10670, 0.80716
22.10670, 0.80716,22.10670, 9.33403
22.10670, 9.33403,20.96770, 9.33403
20.96770, 9.33403,20.96770, 7.20130
20.96770, 7.20130,21.63849, 7.20130
21.63849, 7.20130,21.73216, 7.17620
21.73216, 7.17620,21.81614, 7.12771
21.81614, 7.12771,21.88471, 7.05914
21.88471, 7.05914,21.93320, 6.97516
21.93320, 6.97516,21.95830, 6.88149
21.95830, 6.88149,21.95830, 4.49851
21.95830, 4.49851,21.93320, 4.40484
21.93320, 4.40484,21.88471, 4.32086
21.88471, 4.32086,21.81614, 4.25229
21.81614, 4.25229,21.73216, 4.20380
21.73216, 4.20380,21.63849, 4.17870
21.63849, 4.17870,18.74751, 4.17870
18.74751, 4.17870,18.65384, 4.20380
18.65384, 4.20380,18.56986, 4.25229
18.56986, 4.25229,18.50129, 4.32086
18.50129, 4.32086,18.45280, 4.40484
18.45280, 4.40484,18.42770, 4.49851
18.42770, 4.49851,18.42770, 6.88149
18.42770, 6.88149,18.45280, 6.97516
18.45280, 6.97516,18.50129, 7.05914
18.50129, 7.05914,18.56986, 7.12771
18.56986, 7.12771,18.65384, 7.17620
18.65384, 7.17620,18.74751, 7.20130
18.74751, 7.20130,19.41830, 7.20130
19.41830, 7.20130,19.41830, 9.33403
19.41830, 9.33403,18.83959, 9.33403
18.83959, 9.33403,18.79172, 9.34034
18.79172, 9.34034,18.74509, 9.35283
18.74509, 9.35283,18.70049, 9.37131
18.70049, 9.37131,18.65868, 9.39545
18.65868, 9.39545,18.62037, 9.42484
18.62037, 9.42484,18.58624, 9.45898
18.58624, 9.45898,18.55685, 9.49728
18.55685, 9.49728,18.53271, 9.53909
18.53271, 9.53909,18.51423, 9.58369
18.51423, 9.58369,18.50174, 9.63032
18.50174, 9.63032,18.49543, 9.67819
18.49543, 9.67819,18.49543,10.05638
18.49543,10.05638,18.47092,10.03186
18.47092,10.03186,18.30111, 9.90849
18.30111, 9.90849,18.11408, 9.81320
18.11408, 9.81320,18.00883, 9.77900
18.00883, 9.77900,18.11408, 9.74480
18.11408, 9.74480,18.30111, 9.64951
18.30111, 9.64951,18.47092, 9.52613
18.47092, 9.52613,18.61933, 9.37772
18.61933, 9.37772,18.74271, 9.20791
18.74271, 9.20791,18.83800, 9.02088
18.83800, 9.02088,18.90286, 8.82126
18.90286, 8.82126,18.93570, 8.61395
18.93570, 8.61395,18.93570, 8.40405
18.93570, 8.40405,18.90286, 8.19673
18.90286, 8.19673,18.83800, 7.99711
18.83800, 7.99711,18.74271, 7.81009
18.74271, 7.81009,18.61933, 7.64028
18.61933, 7.64028,18.47092, 7.49186
18.47092, 7.49186,18.30111, 7.36849
18.30111, 7.36849,18.11408, 7.27320
18.11408, 7.27320,17.91446, 7.20833
17.91446, 7.20833,17.70715, 7.17550
17.70715, 7.17550,16.86171, 7.17550
16.86171, 7.17550,16.86171, 6.68099
16.86171, 6.68099,16.85540, 6.63312
16.85540, 6.63312,16.84291, 6.58649
16.84291, 6.58649,16.82443, 6.54189
16.82443, 6.54189,16.80029, 6.50008
16.80029, 6.50008,16.77090, 6.46178
16.77090, 6.46178,16.73677, 6.42764
16.73677, 6.42764,16.69846, 6.39825
16.69846, 6.39825,16.65665, 6.37411
16.65665, 6.37411,16.61205, 6.35563
16.61205, 6.35563,16.56542, 6.34314
16.56542, 6.34314,16.51755, 6.33683
16.51755, 6.33683,12.79439, 6.33683
12.79439, 6.33683,12.74653, 6.34314
12.74653, 6.34314,12.69989, 6.35563
12.69989, 6.35563,12.65529, 6.37411
12.65529, 6.37411,12.61348, 6.39825
12.61348, 6.39825,12.57517, 6.42764
12.57517, 6.42764,12.54104, 6.46178
12.54104, 6.46178,12.51165, 6.50008
12.51165, 6.50008,12.48751, 6.54189
12.48751, 6.54189,12.46903, 6.58649
12.46903, 6.58649,12.45654, 6.63312
12.45654, 6.63312,12.45023, 6.68099
12.45023, 6.68099,12.45023, 7.17550
12.45023, 7.17550,11.24885, 7.17550
11.24885, 7.17550,11.04153, 7.20833
11.04153, 7.20833,10.84191, 7.27320
10.84191, 7.27320,10.65489, 7.36849
10.65489, 7.36849,10.48508, 7.49186
10.48508, 7.49186,10.33666, 7.64028
10.33666, 7.64028,10.26835, 7.73430
10.26835, 7.73430,10.05164, 7.73430
10.05164, 7.73430, 9.98333, 7.64028
 9.98333, 7.64028, 9.83492, 7.49186
 9.83492, 7.49186, 9.66511, 7.36849
 9.66511, 7.36849, 9.47808, 7.27320
 9.47808, 7.27320, 9.27846, 7.20833
 9.27846, 7.20833, 9.07115, 7.17550
 9.07115, 7.17550, 8.77908, 7.17550
 8.77908, 7.17550, 9.38384, 6.57075
 9.38384, 6.57075, 9.49175, 6.46284
 9.49175, 6.46284, 9.57653, 6.33596
 9.57653, 6.33596, 9.63493, 6.19497
 9.63493, 6.19497, 9.66470, 6.04530
 9.66470, 6.04530, 9.66470, 5.69115
 9.66470, 5.69115,10.16000, 5.19585
10.16000, 5.19585,10.87765, 5.91350
10.87765, 5.91350,11.98235, 5.91350
11.98235, 5.91350,12.28334, 5.61250
 8.09378, 5.66963, 7.33575, 6.42766
 7.33575, 6.42766, 6.96832, 6.79509
 6.96832, 6.79509, 6.08672, 5.91350
 6.08672, 5.91350, 6.90235, 5.91350
 6.90235, 5.91350, 7.62000, 5.19585
 7.62000, 5.19585, 8.09378, 5.66963
 4.75862, 6.20183, 4.54158, 6.20183
 4.54158, 6.20183, 4.55170, 6.13795
 4.55170, 6.13795, 4.55170, 5.99492
 4.55170, 5.99492, 4.75862, 6.20183
 0.88117, 7.30300, 0.77591, 7.33720
 0.77591, 7.33720, 0.58889, 7.43249
 0.58889, 7.43249, 0.41908, 7.55586
 0.41908, 7.55586, 0.39330, 7.58165
 0.39330, 7.58165, 0.39330, 7.02435
 0.39330, 7.02435, 0.41908, 7.05013
 0.41908, 7.05013, 0.58889, 7.17351
 0.58889, 7.17351, 0.77591, 7.26880
 0.77591, 7.26880, 0.88117, 7.30300
 0.88117, 9.84300, 0.77591, 9.87720
 0.77591, 9.87720, 0.58889, 9.97249
 0.58889, 9.97249, 0.41908,10.09586
 0.41908,10.09586, 0.39330,10.12165
 0.39330,10.12165, 0.39330, 9.56435
 0.39330, 9.56435, 0.41908, 9.59013
 0.41908, 9.59013, 0.58889, 9.71351
 0.58889, 9.71351, 0.77591, 9.80880
 0.77591, 9.80880, 0.88117, 9.84300
 9.37283, 9.77900, 9.47808, 9.74480
 9.47808, 9.74480, 9.66511, 9.64951
 9.66511, 9.64951, 9.83492, 9.52613
 9.83492, 9.52613, 9.98333, 9.37772
 9.98333, 9.37772,10.05164, 9.28370
10.05164, 9.28370,10.26835, 9.28370
10.26835, 9.28370,10.33666, 9.37772
10.33666, 9.37772,10.48508, 9.52613
10.48508, 9.52613,10.65489, 9.64951
10.65489, 9.64951,10.84191, 9.74480
10.84191, 9.74480,10.94717, 9.77900
10.94717, 9.77900,10.84191, 9.81320
10.84191, 9.81320,10.65489, 9.90849
10.65489, 9.90849,10.48508,10.03186
10.48508,10.03186,10.33666,10.18028
10.33666,10.18028,10.21329,10.35009
10.21329,10.35009,10.20014,10.37590
10.20014,10.37590,10.11986,10.37590
10.11986,10.37590,10.10671,10.35009
10.10671,10.35009, 9.98333,10.18028
 9.98333,10.18028, 9.83492,10.03186
 9.83492,10.03186, 9.66511, 9.90849
 9.66511, 9.90849, 9.47808, 9.81320
 9.47808, 9.81320, 9.37283, 9.77900
10.11986,11.72210,10.20014,11.72210
10.20014,11.72210,10.21329,11.74791
10.21329,11.74791,10.33666,11.91772
10.33666,11.91772,10.48508,12.06613
10.48508,12.06613,10.54092,12.10670
10.54092,12.10670, 9.77908,12.10670
 9.77908,12.10670, 9.83492,12.06613
 9.83492,12.06613, 9.98333,11.91772
 9.98333,11.91772,10.10671,11.74791
10.10671,11.74791,10.11986,11.72210
14.43786,11.72210,14.51814,11.72210
14.51814,11.72210,14.53129,11.74791
14.53129,11.74791,14.65466,11.91772
14.65466,11.91772,14.80308,12.06613
14.80308,12.06613,14.85892,12.10670
14.85892,12.10670,14.09708,12.10670
14.09708,12.10670,14.15292,12.06613
14.15292,12.06613,14.30133,11.91772
14.30133,11.91772,14.42471,11.74791
14.42471,11.74791,14.43786,11.72210
18.41508,12.10670,18.47092,12.06613
18.47092,12.06613,18.49543,12.04161
18.49543,12.04161,18.49543,12.10670
18.49543,12.10670,18.41508,12.10670
22.89330, 9.33403,22.89330, 0.80716
22.89330, 0.80716,22.89634, 0.80412
22.89634, 0.80412,22.96154, 0.69118
22.96154, 0.69118,22.99530, 0.56521
22.99530, 0.56521,22.99530, 0.49530
22.99530, 0.49530,23.06521, 0.49530
23.06521, 0.49530,23.19118, 0.46154
23.19118, 0.46154,23.24200, 0.43220
23.24200, 0.43220,23.24200, 9.33650
23.24200, 9.33650,23.22326, 9.33403
23.22326, 9.33403,22.89330, 9.33403
18.42770, 0.82330,17.98370, 0.82330
17.98370, 0.82330,17.83403, 0.85307
17.83403, 0.85307,17.69304, 0.91147
17.69304, 0.91147,17.56616, 0.99625
17.56616, 0.99625,17.45825, 1.10416
17.45825, 1.10416,16.85223, 1.71018
16.85223, 1.71018,16.85223, 0.39330
16.85223, 0.39330,18.43124, 0.39330
18.43124, 0.39330,18.42770, 0.40651
18.42770, 0.40651,18.42770, 0.82330
# pass=4
# preview window width=800 height=600
 0.52030, 4.43844, 0.58282, 4.47454
 0.58282, 4.47454, 0.70879, 4.50830
 0.70879, 4.50830, 0.72390, 4.50830
 0.72390, 4.50830, 0.72390, 4.68116
 0.72390, 4.68116, 0.52233, 4.78387
 0.52233, 4.78387, 0.52030, 4.78535
 0.52030, 4.78535, 0.52030, 4.43844
 2.32410, 4.50830, 2.33921, 4.50830
 2.33921, 4.50830, 2.46518, 4.47454
 2.46518, 4.47454, 2.57812, 4.40934
 2.57812, 4.40934, 2.66700, 4.32046
 2.66700, 4.32046, 2.75588, 4.40934
 2.75588, 4.40934, 2.86882, 4.47454
 2.86882, 4.47454, 2.99479, 4.50830
 2.99479, 4.50830, 3.11150, 4.50830
 3.11150, 4.50830, 3.11150, 4.51380
 3.11150, 4.51380, 3.12318, 4.57250
 3.12318, 4.57250, 2.32410, 4.57250
 2.32410, 4.57250, 2.32410, 4.50830
 4.79948, 4.44665, 4.86412, 4.40934
 4.86412, 4.40934, 4.88950, 4.38395
 4.88950, 4.38395, 4.88950, 4.53667
 4.88950, 4.53667, 4.79948, 4.44665
 5.05530, 3.80925, 5.05530, 2.81075
 5.05530, 2.81075, 5.55454, 3.31000
 5.55454, 3.31000, 5.05530, 3.80925
 7.14545, 3.31000, 7.62000, 2.83545
 7.62000, 2.83545, 7.98830, 3.20375
 7.98830, 3.20375, 7.98830, 3.41624
 7.98830, 3.41624, 7.62000, 3.78454
 7.62000, 3.78454, 7.14545, 3.31000
 7.62000, 5.37545, 7.91418, 5.66963
 7.91418, 5.66963, 7.23710, 6.34670
 7.23710, 6.34670, 6.96832, 6.61549
 6.96832, 6.61549, 6.39332, 6.04050
 6.39332, 6.04050, 6.95496, 6.04050
 6.95496, 6.04050, 7.62000, 5.37545
 9.79170, 5.74375,10.16000, 5.37545
10.16000, 5.37545,10.82504, 6.04050
10.82504, 6.04050,12.03496, 6.04050
12.03496, 6.04050,12.30241, 5.77304
12.30241, 5.77304,12.32389, 5.78338
12.32389, 5.78338,12.37640, 5.80176
12.37640, 5.80176,12.43063, 5.81413
12.43063, 5.81413,12.48592, 5.82036
12.48592, 5.82036,16.51175, 5.82036
16.51175, 5.82036,16.56703, 5.81413
16.56703, 5.81413,16.62127, 5.80176
16.62127, 5.80176,16.67377, 5.78338
16.67377, 5.78338,16.72390, 5.75924
16.72390, 5.75924,16.77100, 5.72965
16.77100, 5.72965,16.81449, 5.69496
16.81449, 5.69496,16.85383, 5.65562
16.85383, 5.65562,16.88852, 5.61213
16.88852, 5.61213,16.91811, 5.56503
16.91811, 5.56503,16.94225, 5.51491
16.94225, 5.51491,16.96063, 5.46240
16.96063, 5.46240,16.97300, 5.40816
16.97300, 5.40816,16.97923, 5.35288
16.97923, 5.35288,16.97923, 4.74422
16.97923, 4.74422,17.01550, 4.70796
17.01550, 4.70796,17.01550, 3.91769
17.01550, 3.91769,18.30070, 2.63249
18.30070, 2.63249,18.30070, 2.80621
18.30070, 2.80621,18.33445, 2.93218
18.33445, 2.93218,18.39966, 3.04512
18.39966, 3.04512,18.49188, 3.13734
18.49188, 3.13734,18.60482, 3.20254
18.60482, 3.20254,18.73079, 3.23630
18.73079, 3.23630,21.65521, 3.23630
21.65521, 3.23630,21.78118, 3.20254
21.78118, 3.20254,21.89412, 3.13734
21.89412, 3.13734,21.97970, 3.05175
21.97970, 3.05175,21.97970, 4.23624
21.97970, 4.23624,21.89412, 4.15066
21.89412, 4.15066,21.78118, 4.08545
21.78118, 4.08545,21.65521, 4.05170
21.65521, 4.05170,18.73079, 4.05170
18.73079, 4.05170,18.60482, 4.08545
18.60482, 4.08545,18.49188, 4.15066
18.49188, 4.15066,18.39966, 4.24288
18.39966, 4.24288,18.33445, 4.35582
18.33445, 4.35582,18.30070, 4.48179
18.30070, 4.48179,18.30070, 6.89821
18.30070, 6.89821,18.33445, 7.02418
18.33445, 7.02418,18.39966, 7.13712
18.39966, 7.13712,18.49188, 7.22934
18.49188, 7.22934,18.60482, 7.29454
18.60482, 7.29454,18.73079, 7.32830
18.73079, 7.32830,19.29130, 7.32830
19.29130, 7.32830,19.29130, 9.20703
19.29130, 9.20703,18.88569, 9.20703
18.88569, 9.20703,18.95570, 9.06964
18.95570, 9.06964,19.02673, 8.85100
19.02673, 8.85100,19.06270, 8.62394
19.06270, 8.62394,19.06270, 8.39405
19.06270, 8.39405,19.02673, 8.16700
19.02673, 8.16700,18.95570, 7.94836
18.95570, 7.94836,18.85133, 7.74353
18.85133, 7.74353,18.71620, 7.55755
18.71620, 7.55755,18.55365, 7.39499
18.55365, 7.39499,18.36767, 7.25987
18.36767, 7.25987,18.16284, 7.15550
18.16284, 7.15550,17.94420, 7.08446
17.94420, 7.08446,17.71714, 7.04850
17.71714, 7.04850,16.98871, 7.04850
16.98871, 7.04850,16.98871, 6.67732
16.98871, 6.67732,16.98248, 6.62203
16.98248, 6.62203,16.97010, 6.56780
16.97010, 6.56780,16.95172, 6.51529
16.95172, 6.51529,16.92759, 6.46517
16.92759, 6.46517,16.89799, 6.41807
16.89799, 6.41807,16.86331, 6.37457
16.86331, 6.37457,16.82397, 6.33523
16.82397, 6.33523,16.78047, 6.30055
16.78047, 6.30055,16.73337, 6.27095
16.73337, 6.27095,16.68325, 6.24682
16.68325, 6.24682,16.63074, 6.22844
16.63074, 6.22844,16.57651, 6.21606
16.57651, 6.21606,16.52123, 6.20983
16.52123, 6.20983,12.79072, 6.20983
12.79072, 6.20983,12.73543, 6.21606
12.73543, 6.21606,12.68120, 6.22844
12.68120, 6.22844,12.62869, 6.24682
12.62869, 6.24682,12.57857, 6.27095
12.57857, 6.27095,12.53147, 6.30055
12.53147, 6.30055,12.48797, 6.33523
12.48797, 6.33523,12.44863, 6.37457
12.44863, 6.37457,12.41395, 6.41807
12.41395, 6.41807,12.38435, 6.46517
12.38435, 6.46517,12.36022, 6.51529
12.36022, 6.51529,12.34184, 6.56780
12.34184, 6.56780,12.32946, 6.62203
12.32946, 6.62203,12.32323, 6.67732
12.32323, 6.67732,12.32323, 7.04850
12.32323, 7.04850,11.23885, 7.04850
11.23885, 7.04850,11.01180, 7.08446
11.01180, 7.08446,10.79316, 7.15550
10.79316, 7.15550,10.58833, 7.25987
10.58833, 7.25987,10.40235, 7.39499
10.40235, 7.39499,10.23979, 7.55755
10.23979, 7.55755,10.20365, 7.60730
10.20365, 7.60730,10.11635, 7.60730
10.11635, 7.60730,10.08020, 7.55755
10.08020, 7.55755, 9.91765, 7.39499
 9.91765, 7.39499, 9.73167, 7.25987
 9.73167, 7.25987, 9.52684, 7.15550
 9.52684, 7.15550, 9.30820, 7.08446
 9.30820, 7.08446, 9.08507, 7.04912
 9.08507, 7.04912, 9.46480, 6.66939
 9.46480, 6.66939, 9.59039, 6.54380
 9.59039, 6.54380, 9.68907, 6.39611
 9.68907, 6.39611, 9.75704, 6.23202
 9.75704, 6.23202, 9.79170, 6.05781
 9.79170, 6.05781, 9.79170, 5.74375
 9.79170, 3.41624, 9.79170, 3.20375
 9.79170, 3.20375,10.16000, 2.83545
10.16000, 2.83545,10.62990, 3.30536
10.62990, 3.30536,10.62990, 3.31464
10.62990, 3.31464,10.16000, 3.78454
10.16000, 3.78454, 9.79170, 3.41624
10.16000, 1.24454, 9.49496, 0.57950
 9.49496, 0.57950, 8.28504, 0.57950
 8.28504, 0.57950, 7.62000, 1.24454
 7.62000, 1.24454, 6.95496, 0.57950
 6.95496, 0.57950, 5.74504, 0.57950
 5.74504, 0.57950, 5.66164, 0.66290
 5.66164, 0.66290, 5.03255, 0.66290
 5.03255, 0.66290, 5.02154, 0.62182
 5.02154, 0.62182, 4.96293, 0.52030
 4.96293, 0.52030,12.01843, 0.52030
12.01843, 0.52030,12.01843, 0.57950
12.01843, 0.57950,10.82504, 0.57950
10.82504, 0.57950,10.16000, 1.24454
16.97923, 1.40358,16.97923, 0.52030
16.97923, 0.52030,18.30070, 0.52030
18.30070, 0.52030,18.30070, 0.69630
18.30070, 0.69630,17.97119, 0.69630
17.97119, 0.69630,17.79698, 0.73095
17.79698, 0.73095,17.63288, 0.79892
17.63288, 0.79892,17.48520, 0.89760
17.48520, 0.89760,17.35960, 1.02320
17.35960, 1.02320,16.97923, 1.40358
23.02030, 0.84142,23.05147, 0.79477
23.05147, 0.79477,23.09838, 0.68152
23.09838, 0.68152,23.11218, 0.61218
23.11218, 0.61218,23.18152, 0.59838
23.18152, 0.59838,23.24200, 0.57333
23.24200, 0.57333,23.24200, 9.20873
23.24200, 9.20873,23.22694, 9.20703
23.22694, 9.20703,23.02030, 9.20703
23.02030, 9.20703,23.02030, 0.84142
21.97970, 7.14375,21.97970, 9.20703
21.97970, 9.20703,21.09470, 9.20703
21.09470, 9.20703,21.09470, 7.32830
21.09470, 7.32830,21.65521, 7.32830
21.65521, 7.32830,21.78118, 7.29454
21.78118, 7.29454,21.89412, 7.22934
21.89412, 7.22934,21.97970, 7.14375
18.36843, 9.75757,18.36843, 9.80043
18.36843, 9.80043,18.36767, 9.79987
18.36767, 9.79987,18.32671, 9.77900
18.32671, 9.77900,18.36767, 9.75813
18.36767, 9.75813,18.36843, 9.75757
14.47800,11.89062,14.54272,11.97970
14.54272,11.97970,14.41328,11.97970
14.41328,11.97970,14.47800,11.89062
10.16000,11.89062,10.22472,11.97970
10.22472,11.97970,10.09528,11.97970
10.09528,11.97970,10.16000,11.89062
10.16000,10.20738,10.08020,10.09755
10.08020,10.09755, 9.91765, 9.93499
 9.91765, 9.93499, 9.73167, 9.79987
 9.73167, 9.79987, 9.69071, 9.77900
 9.69071, 9.77900, 9.73167, 9.75813
 9.73167, 9.75813, 9.91765, 9.62300
 9.91765, 9.62300,10.08020, 9.46045
10.08020, 9.46045,10.11635, 9.41070
10.11635, 9.41070,10.20365, 9.41070
10.20365, 9.41070,10.23979, 9.46045
10.23979, 9.46045,10.40235, 9.62300
10.40235, 9.62300,10.58833, 9.75813
10.58833, 9.75813,10.62929, 9.77900
10.62929, 9.77900,10.58833, 9.79987
10.58833, 9.79987,10.40235, 9.93499
10.40235, 9.93499,10.23979,10.09755
10.23979,10.09755,10.16000,10.20738
 0.56329, 9.84300, 0.52233, 9.86387
 0.52233, 9.86387, 0.52030, 9.86535
 0.52030, 9.86535, 0.52030, 9.82065
 0.52030, 9.82065, 0.52233, 9.82213
 0.52233, 9.82213, 0.56329, 9.84300
 0.56329, 7.30300, 0.52233, 7.32387
 0.52233, 7.32387, 0.52030, 7.32535
 0.52030, 7.32535, 0.52030, 7.28065
 0.52030, 7.28065, 0.52233, 7.28213
 0.52233, 7.28213, 0.56329, 7.30300
# pass=5
# preview window width=800 height=600
 7.20236, 0.64730, 8.03764, 0.64730
 8.03764, 0.64730, 7.62000, 1.06494
 7.62000, 1.06494, 7.20236, 0.64730
 9.74236, 0.64730,10.57764, 0.64730
10.57764, 0.64730,10.16000, 1.06494
10.16000, 1.06494, 9.74236, 0.64730
 9.91870, 3.25636,10.16000, 3.01506
10.16000, 3.01506,10.45494, 3.31000
10.45494, 3.31000,10.16000, 3.60494
10.16000, 3.60494, 9.91870, 3.36364
 9.91870, 3.36364, 9.91870, 3.25636
 7.86130, 3.25636, 7.86130, 3.36364
 7.86130, 3.36364, 7.62000, 3.60494
 7.62000, 3.60494, 7.32506, 3.31000
 7.32506, 3.31000, 7.62000, 3.01506
 7.62000, 3.01506, 7.86130, 3.25636
 7.62000, 5.55506, 7.73457, 5.66963
 7.73457, 5.66963, 7.13846, 6.26574
 7.13846, 6.26574, 6.96832, 6.43588
 6.96832, 6.43588, 6.69993, 6.16750
 6.69993, 6.16750, 7.00756, 6.16750
 7.00756, 6.16750, 7.62000, 5.55506
 9.91870, 5.79636,10.16000, 5.55506
10.16000, 5.55506,10.77243, 6.16750
10.77243, 6.16750,12.08756, 6.16750
12.08756, 6.16750,12.33369, 5.92136
12.33369, 5.92136,12.34118, 5.92398
12.34118, 5.92398,12.40933, 5.93954
12.40933, 5.93954,12.47878, 5.94736
12.47878, 5.94736,16.51888, 5.94736
16.51888, 5.94736,16.58834, 5.93954
16.58834, 5.93954,16.65648, 5.92398
16.65648, 5.92398,16.72245, 5.90090
16.72245, 5.90090,16.78543, 5.87057
16.78543, 5.87057,16.84461, 5.83339
16.84461, 5.83339,16.89925, 5.78981
16.89925, 5.78981,16.94868, 5.74038
16.94868, 5.74038,16.99226, 5.68574
16.99226, 5.68574,17.02944, 5.62656
17.02944, 5.62656,17.05977, 5.56358
17.05977, 5.56358,17.08285, 5.49761
17.08285, 5.49761,17.09841, 5.42947
17.09841, 5.42947,17.10623, 5.36001
17.10623, 5.36001,17.10623, 4.79683
17.10623, 4.79683,17.14250, 4.76056
17.14250, 4.76056,17.14250, 3.97030
17.14250, 3.97030,18.19640, 2.91639
18.19640, 2.91639,18.19762, 2.92252
18.19762, 2.92252,18.24452, 3.03577
18.24452, 3.03577,18.31263, 3.13769
18.31263, 3.13769,18.39931, 3.22437
18.39931, 3.22437,18.50123, 3.29247
18.50123, 3.29247,18.61448, 3.33938
18.61448, 3.33938,18.73471, 3.36330
18.73471, 3.36330,21.65129, 3.36330
21.65129, 3.36330,21.77152, 3.33938
21.77152, 3.33938,21.85270, 3.30575
21.85270, 3.30575,21.85270, 3.98224
21.85270, 3.98224,21.77152, 3.94862
21.77152, 3.94862,21.65129, 3.92470
21.65129, 3.92470,18.73471, 3.92470
18.73471, 3.92470,18.61448, 3.94862
18.61448, 3.94862,18.50123, 3.99553
18.50123, 3.99553,18.39931, 4.06363
18.39931, 4.06363,18.31263, 4.15031
18.31263, 4.15031,18.24452, 4.25223
18.24452, 4.25223,18.19762, 4.36548
18.19762, 4.36548,18.17370, 4.48571
18.17370, 4.48571,18.17370, 6.89429
18.17370, 6.89429,18.19762, 7.01452
18.19762, 7.01452,18.20659, 7.03618
18.20659, 7.03618,17.97394, 6.96059
17.97394, 6.96059,17.72714, 6.92150
17.72714, 6.92150,17.11571, 6.92150
17.11571, 6.92150,17.11571, 6.67018
17.11571, 6.67018,17.10788, 6.60073
17.10788, 6.60073,17.09233, 6.53258
17.09233, 6.53258,17.06924, 6.46661
17.06924, 6.46661,17.03892, 6.40364
17.03892, 6.40364,17.00173, 6.34446
17.00173, 6.34446,16.95815, 6.28981
16.95815, 6.28981,16.90873, 6.24039
16.90873, 6.24039,16.85408, 6.19681
16.85408, 6.19681,16.79490, 6.15963
16.79490, 6.15963,16.73193, 6.12930
16.73193, 6.12930,16.66596, 6.10621
16.66596, 6.10621,16.59781, 6.09066
16.59781, 6.09066,16.52836, 6.08283
16.52836, 6.08283,12.78358, 6.08283
12.78358, 6.08283,12.71413, 6.09066
12.71413, 6.09066,12.64598, 6.10621
12.64598, 6.10621,12.58001, 6.12930
12.58001, 6.12930,12.51704, 6.15963
12.51704, 6.15963,12.45786, 6.19681
12.45786, 6.19681,12.40321, 6.24039
12.40321, 6.24039,12.35379, 6.28981
12.35379, 6.28981,12.31021, 6.34446
12.31021, 6.34446,12.27303, 6.40364
12.27303, 6.40364,12.24270, 6.46661
12.24270, 6.46661,12.21961, 6.53258
12.21961, 6.53258,12.20406, 6.60073
12.20406, 6.60073,12.19623, 6.67018
12.19623, 6.67018,12.19623, 6.92150
12.19623, 6.92150,11.22886, 6.92150
11.22886, 6.92150,10.98206, 6.96059
10.98206, 6.96059,10.74441, 7.03781
10.74441, 7.03781,10.52177, 7.15125
10.52177, 7.15125,10.31961, 7.29812
10.31961, 7.29812,10.16000, 7.45774
10.16000, 7.45774,10.00038, 7.29812
10.00038, 7.29812, 9.79823, 7.15125
 9.79823, 7.15125, 9.57559, 7.03781
 9.57559, 7.03781, 9.34946, 6.96433
 9.34946, 6.96433, 9.54576, 6.76804
 9.54576, 6.76804, 9.68904, 6.62476
 9.68904, 6.62476, 9.80162, 6.45627
 9.80162, 6.45627, 9.87917, 6.26906
 9.87917, 6.26906, 9.91870, 6.07032
 9.91870, 6.07032, 9.91870, 5.79636
 9.91901, 9.77900,10.00038, 9.71988
10.00038, 9.71988,10.16000, 9.56026
10.16000, 9.56026,10.31961, 9.71988
10.31961, 9.71988,10.40099, 9.77900
10.40099, 9.77900,10.31961, 9.83812
10.31961, 9.83812,10.16000, 9.99774
10.16000, 9.99774,10.00038, 9.83812
10.00038, 9.83812, 9.91901, 9.77900
19.08585, 9.08003,19.15061, 8.88074
19.15061, 8.88074,19.16430, 8.79427
19.16430, 8.79427,19.16430, 9.08003
19.16430, 9.08003,19.08585, 9.08003
19.16430, 8.22372,19.15061, 8.13726
19.15061, 8.13726,19.07339, 7.89961
19.07339, 7.89961,18.95995, 7.67697
18.95995, 7.67697,18.81308, 7.47481
18.81308, 7.47481,18.79356, 7.45530
18.79356, 7.45530,19.16430, 7.45530
19.16430, 7.45530,19.16430, 8.22372
21.22170, 7.45530,21.65129, 7.45530
21.65129, 7.45530,21.77152, 7.43138
21.77152, 7.43138,21.85270, 7.39775
21.85270, 7.39775,21.85270, 9.08003
21.85270, 9.08003,21.22170, 9.08003
21.22170, 9.08003,21.22170, 7.45530
23.14730, 9.08003,23.14730, 0.87995
23.14730, 0.87995,23.16402, 0.85493
23.16402, 0.85493,23.21993, 0.71993
23.21993, 0.71993,23.24200, 0.71079
23.24200, 0.71079,23.24200, 9.08093
23.24200, 9.08093,23.23407, 9.08003
23.23407, 9.08003,23.14730, 9.08003
17.66708, 0.64730,17.57272, 0.68638
17.57272, 0.68638,17.40424, 0.79896
17.40424, 0.79896,17.26096, 0.94224
17.26096, 0.94224,17.10623, 1.09697
17.10623, 1.09697,17.10623, 0.64730
17.10623, 0.64730,17.66708, 0.64730
 5.18230, 3.11736, 5.37494, 3.31000
 5.37494, 3.31000, 5.18230, 3.50264
 5.18230, 3.50264, 5.18230, 3.11736
# spot drills
14.87100, 0.64700,16.37100, 2.14700
14.87100, 2.14700,16.37100, 0.64700
10.92200, 4.07200,11.93800, 5.08800
10.92200, 5.08800,11.93800, 4.07200
10.92200, 1.53200,11.93800, 2.54800
10.92200, 2.54800,11.93800, 1.53200
 8.38200, 4.07200, 9.39800, 5.08800
 8.38200, 5.08800, 9.39800, 4.07200
 8.38200, 1.53200, 9.39800, 2.54800
 8.38200, 2.54800, 9.39800, 1.53200
 5.84200, 4.07200, 6.85800, 5.08800
 5.84200, 5.08800, 6.85800, 4.07200
 5.84200, 1.53200, 6.85800, 2.54800
 5.84200, 2.54800, 6.85800, 1.53200
 7.49300,10.54100, 8.50900,11.55700
 7.49300,11.55700, 8.50900,10.54100
 7.49300, 8.00100, 8.50900, 9.01700
 7.49300, 9.01700, 8.50900, 8.00100
11.81100,10.54100,12.82700,11.55700
11.81100,11.55700,12.82700,10.54100
11.81100, 8.00100,12.82700, 9.01700
11.81100, 9.01700,12.82700, 8.00100
 1.74500,10.60500, 2.76100,11.62100
 1.74500,11.62100, 2.76100,10.60500
 1.74500, 8.06500, 2.76100, 9.08100
 1.74500, 9.08100, 2.76100, 8.06500
 1.74500, 5.52500, 2.76100, 6.54100
 1.74500, 6.54100, 2.76100, 5.52500
15.04700, 3.59500,16.06300, 4.61100
15.04700, 4.61100,16.06300, 3.59500
16.12900,10.54100,17.14500,11.55700
16.12900,11.55700,17.14500,10.54100
16.12900, 8.00100,17.14500, 9.01700
16.12900, 9.01700,17.14500, 8.00100
